0
-33.570313
2.5351563
2.59375
3.5820313
3.6367188
5.1171875
5.1757813
6.1015625
6.1601563
7.8710938
7.9609375
8.015625
8.0195313
8.3085938
8.3085938
9.1757813
9.2070313
10.308594
10.3125
10.714844
10.773438
11.613281
11.617188
12.367188
12.394531
12.800781
12.890625
13.152344
13.152344
13.265625
13.324219
13.671875
13.730469
14.601563
14.660156
15.238281
15.296875
15.730469
15.734375
16.050781
16.050781
16.136719
16.140625
16.195313
16.253906
17.152344
17.15625
17.703125
17.707031
18.167969
18.167969
18.660156
18.71875
18.71875
18.804688
19.675781
19.703125
20.167969
20.171875
20.546875
20.546875
20.980469
21.039063
21.097656
21.183594
21.183594
21.269531
22.082031
22.113281
22.515625
22.546875
22.894531
