144
1
48
127
0

128
1
48
127
2.421875

144
1
52
127
2.6503906

128
1
52
127
4.3417969

144
1
53
127
4.5097656

128
1
53
127
6.3046875

144
1
57
127
6.4433594

128
1
57
127
6.9785156

144
1
53
127
7.109375

128
1
53
127
8.1796875

144
1
52
127
8.2890625

128
1
52
127
8.5605469

144
1
53
127
8.6660156

128
1
53
127
9.3574219

144
1
52
127
9.53125

128
1
52
127
9.8027344

144
1
53
127
9.9511719

128
1
53
127
10.730469

144
1
53
127
11.042969

128
1
53
127
11.761719

144
1
55
127
13.181641

128
1
55
127
14.091797

144
1
69
127
15.386719

128
1
69
127
17.041016

144
1
71
127
17.119141
